function C = mre_wave(N)
%mre_wave  Standard color map for viualizing Magnetic Resonance 
%          Elastography wave images.
%   mre_wave(N) returns an N-by-3 matrix containing a colormap. 
%   The colors begin with dark purplish-blue and blue, range
%   through green and end with yellow. 
%   
  

mre_wave = [
1.00000000	1.00000000	0.00000000
1.00000000	0.98823529	0.00000000
1.00000000	0.97647059	0.00000000
1.00000000	0.96470588	0.00000000
1.00000000	0.95294118	0.00000000
1.00000000	0.94117647	0.00000000
1.00000000	0.92941176	0.00000000
1.00000000	0.91764706	0.00000000
1.00000000	0.90980392	0.00000000
1.00000000	0.89803922	0.00000000
1.00000000	0.88627451	0.00000000
1.00000000	0.87450980	0.00000000
1.00000000	0.86274510	0.00000000
1.00000000	0.85098039	0.00000000
1.00000000	0.83921569	0.00000000
1.00000000	0.82745098	0.00000000
1.00000000	0.81568627	0.00000000
1.00000000	0.80392157	0.00000000
1.00000000	0.79215686	0.00000000
1.00000000	0.78039216	0.00000000
1.00000000	0.76862745	0.00000000
1.00000000	0.75686275	0.00000000
1.00000000	0.74901961	0.00000000
1.00000000	0.73725490	0.00000000
1.00000000	0.72549020	0.00000000
1.00000000	0.71372549	0.00000000
1.00000000	0.70196078	0.00000000
1.00000000	0.69019608	0.00000000
1.00000000	0.67843137	0.00000000
1.00000000	0.66666667	0.00000000
1.00000000	0.65490196	0.00000000
1.00000000	0.64313725	0.00000000
1.00000000	0.63137255	0.00000000
1.00000000	0.61960784	0.00000000
1.00000000	0.60784314	0.00000000
1.00000000	0.59607843	0.00000000
1.00000000	0.58823529	0.00000000
1.00000000	0.57647059	0.00000000
1.00000000	0.56470588	0.00000000
1.00000000	0.55294118	0.00000000
1.00000000	0.54117647	0.00000000
1.00000000	0.52941176	0.00000000
1.00000000	0.51764706	0.00000000
1.00000000	0.50588235	0.00000000
1.00000000	0.49411765	0.00000000
1.00000000	0.48235294	0.00000000
1.00000000	0.47058824	0.00000000
1.00000000	0.45882353	0.00000000
1.00000000	0.44705882	0.00000000
1.00000000	0.43529412	0.00000000
1.00000000	0.42352941	0.00000000
1.00000000	0.41568627	0.00000000
1.00000000	0.40392157	0.00000000
1.00000000	0.39215686	0.00000000
1.00000000	0.38039216	0.00000000
1.00000000	0.36862745	0.00000000
1.00000000	0.35686275	0.00000000
1.00000000	0.34509804	0.00000000
1.00000000	0.33333333	0.00000000
1.00000000	0.32156863	0.00000000
1.00000000	0.30980392	0.00000000
1.00000000	0.29803922	0.00000000
1.00000000	0.28627451	0.00000000
1.00000000	0.27450980	0.00000000
1.00000000	0.26274510	0.00000000
1.00000000	0.25490196	0.00000000
1.00000000	0.24313725	0.00000000
1.00000000	0.23137255	0.00000000
1.00000000	0.21960784	0.00000000
1.00000000	0.20784314	0.00000000
1.00000000	0.19607843	0.00000000
1.00000000	0.18431373	0.00000000
1.00000000	0.17254902	0.00000000
1.00000000	0.16078431	0.00000000
1.00000000	0.14901961	0.00000000
1.00000000	0.13725490	0.00000000
1.00000000	0.12549020	0.00000000
1.00000000	0.11372549	0.00000000
1.00000000	0.10196078	0.00000000
1.00000000	0.09411765	0.00000000
1.00000000	0.08235294	0.00000000
1.00000000	0.07058824	0.00000000
1.00000000	0.05882353	0.00000000
1.00000000	0.04705882	0.00000000
1.00000000	0.03529412	0.00000000
1.00000000	0.02352941	0.00000000
1.00000000	0.01176471	0.00000000
1.00000000	0.00000000	0.00000000
0.96862745	0.00000000	0.00000000
0.93725490	0.00000000	0.00000000
0.90588235	0.00000000	0.00000000
0.87450980	0.00000000	0.00000000
0.84313725	0.00000000	0.00000000
0.81176471	0.00000000	0.00000000
0.78039216	0.00000000	0.00000000
0.74901961	0.00000000	0.00000000
0.71764706	0.00000000	0.00000000
0.68627451	0.00000000	0.00000000
0.65490196	0.00000000	0.00000000
0.62352941	0.00000000	0.00000000
0.59215686	0.00000000	0.00000000
0.56078431	0.00000000	0.00000000
0.52941176	0.00000000	0.00000000
0.50196078	0.00000000	0.00000000
0.47058824	0.00000000	0.00000000
0.43921569	0.00000000	0.00000000
0.40784314	0.00000000	0.00000000
0.37647059	0.00000000	0.00000000
0.34509804	0.00000000	0.00000000
0.31372549	0.00000000	0.00000000
0.28235294	0.00000000	0.00000000
0.25098039	0.00000000	0.00000000
0.21960784	0.00000000	0.00000000
0.18823529	0.00000000	0.00000000
0.15686275	0.00000000	0.00000000
0.12549020	0.00000000	0.00000000
0.09411765	0.00000000	0.00000000
0.06274510	0.00000000	0.00000000
0.03137255	0.00000000	0.00000000
0.00000000	0.00000000	0.00000000
0.00000000	0.00000000	0.00000000
0.00000000	0.00000000	0.03137255
0.00000000	0.00000000	0.06274510
0.00000000	0.00000000	0.09411765
0.00000000	0.00000000	0.12549020
0.00000000	0.00000000	0.15686275
0.00000000	0.00000000	0.18823529
0.00000000	0.00000000	0.21960784
0.00000000	0.00000000	0.25098039
0.00000000	0.00000000	0.28235294
0.00000000	0.00000000	0.31372549
0.00000000	0.00000000	0.34509804
0.00000000	0.00000000	0.37647059
0.00000000	0.00000000	0.40784314
0.00000000	0.00000000	0.43921569
0.00000000	0.00000000	0.47058824
0.00000000	0.00000000	0.50196078
0.00000000	0.00000000	0.52941176
0.00000000	0.00000000	0.56078431
0.00000000	0.00000000	0.59215686
0.00000000	0.00000000	0.62352941
0.00000000	0.00000000	0.65490196
0.00000000	0.00000000	0.68627451
0.00000000	0.00000000	0.71764706
0.00000000	0.00000000	0.74901961
0.00000000	0.00000000	0.78039216
0.00000000	0.00000000	0.81176471
0.00000000	0.00000000	0.84313725
0.00000000	0.00000000	0.87450980
0.00000000	0.00000000	0.90588235
0.00000000	0.00000000	0.93725490
0.00000000	0.00000000	0.96862745
0.00000000	0.00000000	1.00000000
0.00000000	0.01176471	1.00000000
0.00000000	0.02352941	1.00000000
0.00000000	0.03529412	1.00000000
0.00000000	0.04705882	1.00000000
0.00000000	0.05882353	1.00000000
0.00000000	0.07058824	1.00000000
0.00000000	0.08235294	1.00000000
0.00000000	0.09411765	1.00000000
0.00000000	0.10196078	1.00000000
0.00000000	0.11372549	1.00000000
0.00000000	0.12549020	1.00000000
0.00000000	0.13725490	1.00000000
0.00000000	0.14901961	1.00000000
0.00000000	0.16078431	1.00000000
0.00000000	0.17254902	1.00000000
0.00000000	0.18431373	1.00000000
0.00000000	0.19607843	1.00000000
0.00000000	0.20784314	1.00000000
0.00000000	0.21960784	1.00000000
0.00000000	0.23137255	1.00000000
0.00000000	0.24313725	1.00000000
0.00000000	0.25490196	1.00000000
0.00000000	0.26274510	1.00000000
0.00000000	0.27450980	1.00000000
0.00000000	0.28627451	1.00000000
0.00000000	0.29803922	1.00000000
0.00000000	0.30980392	1.00000000
0.00000000	0.32156863	1.00000000
0.00000000	0.33333333	1.00000000
0.00000000	0.34509804	1.00000000
0.00000000	0.35686275	1.00000000
0.00000000	0.36862745	1.00000000
0.00000000	0.38039216	1.00000000
0.00000000	0.39215686	1.00000000
0.00000000	0.40392157	1.00000000
0.00000000	0.41568627	1.00000000
0.00000000	0.42352941	1.00000000
0.00000000	0.43529412	1.00000000
0.00000000	0.44705882	1.00000000
0.00000000	0.45882353	1.00000000
0.00000000	0.47058824	1.00000000
0.00000000	0.48235294	1.00000000
0.00000000	0.49411765	1.00000000
0.00000000	0.50588235	1.00000000
0.00000000	0.51764706	1.00000000
0.00000000	0.52941176	1.00000000
0.00000000	0.54117647	1.00000000
0.00000000	0.55294118	1.00000000
0.00000000	0.56470588	1.00000000
0.00000000	0.57647059	1.00000000
0.00000000	0.58823529	1.00000000
0.00000000	0.59607843	1.00000000
0.00000000	0.60784314	1.00000000
0.00000000	0.61960784	1.00000000
0.00000000	0.63137255	1.00000000
0.00000000	0.64313725	1.00000000
0.00000000	0.65490196	1.00000000
0.00000000	0.66666667	1.00000000
0.00000000	0.67843137	1.00000000
0.00000000	0.69019608	1.00000000
0.00000000	0.70196078	1.00000000
0.00000000	0.71372549	1.00000000
0.00000000	0.72549020	1.00000000
0.00000000	0.73725490	1.00000000
0.00000000	0.74901961	1.00000000
0.00000000	0.75686275	1.00000000
0.00000000	0.76862745	1.00000000
0.00000000	0.78039216	1.00000000
0.00000000	0.79215686	1.00000000
0.00000000	0.80392157	1.00000000
0.00000000	0.81568627	1.00000000
0.00000000	0.82745098	1.00000000
0.00000000	0.83921569	1.00000000
0.00000000	0.85098039	1.00000000
0.00000000	0.86274510	1.00000000
0.00000000	0.87450980	1.00000000
0.00000000	0.88627451	1.00000000
0.00000000	0.89803922	1.00000000
0.00000000	0.90980392	1.00000000
